Problem 5:
f [  0.   1.   4.   9.  16.]
A:
[[-0.4  0.   0.4  0.   0. ]
 [-0.4  0.   0.4  0.   0. ]
 [ 0.  -0.4  0.   0.4  0. ]
 [ 0.   0.  -0.4  0.   0.4]
 [ 0.   0.  -0.4  0.   0.4]]
g [ 1.6  1.6  3.2  4.8  4.8]

f [ 1.  1.  1.  1.  1.]
A:
[[-0.4  0.   0.4  0.   0. ]
 [-0.4  0.   0.4  0.   0. ]
 [ 0.  -0.4  0.   0.4  0. ]
 [ 0.   0.  -0.4  0.   0.4]
 [ 0.   0.  -0.4  0.   0.4]]
g [ 0.  0.  0.  0.  0.]

f [ 5.  5.  5.  5.  5.]
A:
[[-0.4  0.   0.4  0.   0. ]
 [-0.4  0.   0.4  0.   0. ]
 [ 0.  -0.4  0.   0.4  0. ]
 [ 0.   0.  -0.4  0.   0.4]
 [ 0.   0.  -0.4  0.   0.4]]
g [ 0.  0.  0.  0.  0.]

f1 [ 1.  1.  1.  1.  1.]
f2 [ 5.  5.  5.  5.  5.]
g1 [ 0.  0.  0.  0.  0.]
g2 [ 0.  0.  0.  0.  0.]
found a counterexample. differentiation is not invertible!

the differentiation operator under test:
[[ 0.  1.]
 [-1.  0.]]
its determinant:
1.0

Problem 6:
A:
[[ 2 -1 -3]
 [-2  5  1]
 [ 1  4  6]]
b:
[[-21.25  ]
 [ 41.5833]
 [ 35.    ]]
x:
[[-3.99999744]
 [ 6.24999359]
 [ 2.33333718]]
numpy.linalg.solve(A,b), for comparison:
[[-3.99999744]
 [ 6.24999359]
 [ 2.33333718]]

